"","V1","V2","V3","V4","V5","V6"
"""""	""",0.123342106910422,0.100216424744576,0.136778720095754,0.154208081401885,0.115858662175015,0.176150840939954
"rcsfile""",0.277964150998741,0.209801540803164,0.284335871250369,0.213845164934173,0.273104770947248,0.297094735619612
"date",0.246517714043148,0.232965579559095,0.288959332345985,0.202474721940234,0.269460654514842,0.219140027789399
"wed",0.270477562677115,0.220984730822966,0.218654168071225,0.285362241463736,0.287293145549484,0.214395045535639
"aug",0.247734044026583,0.220268608024344,0.292571574705653,0.280856112181209,0.294548814510927,0.223804990528151
"""",0.180068786814809,0.197498538414948,0.132352874800563,0.123214153782465,0.119102615956217,0.108017787593417
"copyright",0.22572895407211,0.211308471811935,0.283534110430628,0.241151056042872,0.281180254649371,0.229505801713094
"c",0.196681109443307,0.134270387375727,0.174606292904355,0.106280995393172,0.108297706767917,0.143727594427764
"jive",0.205661836918443,0.2225876549026,0.248910185229033,0.272468524472788,0.229718846827745,0.275052803941071
"software",0.266095635993406,0.290071965241805,0.265455248905346,0.247301237261854,0.21074394970201,0.243677547876723
"all",0.266265442455187,0.201034851185977,0.222859089821577,0.201731182611547,0.264964242628776,0.298943844158202
"rights",0.231315438984893,0.231564715388231,0.273327644099481,0.248425541259348,0.22670715409331,0.272791966446675
"reserved""",0.295311237149872,0.239690317749046,0.281642717006616,0.282713594264351,0.233825977263041,0.214713156409562
"this",0.299515670863912,0.285593621060252,0.2896461579483,0.294744158582762,0.268321720254607,0.271778185805306
"is",0.257478753942996,0.265060477750376,0.200370041816495,0.254433580348268,0.28119432691019,0.249637929536402
"published",0.243601881689392,0.287975377123803,0.284312550071627,0.208252114919014,0.241466977354139,0.289674671017565
"under",0.209271409921348,0.251245194184594,0.220832832530141,0.252397023537196,0.223124782415107,0.204773881239817
"the",0.26128591070883,0.235345204151236,0.223655452951789,0.235052196937613,0.223210647609085,0.200475820247084
"terms",0.294033259269781,0.215529924514703,0.248137974110432,0.239187429263256,0.223900808952749,0.253992216661572
"of",0.256777454447001,0.296076232101768,0.209364978387021,0.211163696134463,0.297744811140001,0.244894699566066
"gnu",0.248059618123807,0.26166970776394,0.2902818945935,0.218780327192508,0.255207938491367,0.294197411951609
"public",0.28879795409739,0.234873386542313,0.288958186795935,0.227512340713292,0.287341212294996,0.264676722511649
"license",0.25769583589863,0.214120877766982,0.282284728577361,0.293428500904702,0.236679775849916,0.282832368207164
"gpl""",0.16356336241588,0.143246523546986,0.172100981744006,0.150489278859459,0.159991038474254,0.153166502690874
"agreement",0.245332388090901,0.219972678320482,0.275707506504841,0.293158357660286,0.291178123140708,0.289960557268932
"with",0.287384184356779,0.216537741548382,0.205480064894073,0.268323698546737,0.203378099575639,0.250381040084176
"jive""",0.221667488571256,0.286481626378372,0.216550531913526,0.280469167651609,0.276145806629211,0.262329205544665
"""""	""package",0.269541082764044,0.205868196580559,0.29522663038224,0.278188364300877,0.203794835950248,0.206500638206489
"orgjivesoftwareopenfirehandler""",0.256364010344259,0.200725141423754,0.293128002854064,0.284324276517145,0.207215295243077,0.254621620639227
"""""	""import",0.262532356777228,0.228264838876203,0.222479908168316,0.20636249401141,0.270838083233684,0.264895089156926
"orgdomjelement""",0.216575835668482,0.28976058086846,0.204122442984954,0.290834871772677,0.227128898352385,0.280819568084553
"orgjivesoftwareopenfire""",0.249370929296128,0.299856496299617,0.27924749054946,0.217159465095028,0.274698953912593,0.296341081196442
"orgjivesoftwareopenfireeventsessioneventdispatcher""",0.21533967142459,0.234367944695987,0.236296466528438,0.200389042054303,0.202225541532971,0.217359330691397
"orgjivesoftwareopenfiresessionlocalclientsession""",0.25241012268234,0.229147814540192,0.242026398493908,0.283884862135164,0.244147253548726,0.271158860996366
"orgjivesoftwareopenfireuserusermanager""",0.267883719666861,0.287734388536774,0.296907007694244,0.262348150624894,0.20573742412962,0.272144042840227
"orgjivesoftwarestringprepstringprepexception""",0.222614722885191,0.218489013495855,0.29285396062769,0.236162319476716,0.223007565131411,0.23426406076178
"orgjivesoftwareutillocaleutils""",0.255880297906697,0.237155826995149,0.217783062555827,0.219045027461834,0.292942372639663,0.246224716352299
"orgxmpppacketiq""",0.280271536414512,0.21407693810761,0.28236632279586,0.22815376073122,0.217872759280726,0.284081507660449
"orgxmpppacketpacketerror""",0.271186078735627,0.208836127258837,0.273199163679965,0.254193805786781,0.207982852496207,0.274552942020819
"javautilarraylist""",0.252747253980488,0.25766686971765,0.289009816991165,0.273223783960566,0.262900984520093,0.27465022013057
"javanetunknownhostexception""",0.272300629550591,0.222837188304402,0.204917065287009,0.228920129034668,0.210085746669211,0.225702615012415
"implements",0.221481505152769,0.265338289504871,0.279026543698274,0.252212390676141,0.273552403668873,0.26932372697629
"typeiq",0.206206340785138,0.285629848297685,0.233921534731053,0.298150704451837,0.237202921230346,0.243079892918468
"jabberiqauth",0.266041940357536,0.234331493428908,0.27574146585539,0.261281417030841,0.223251862055622,0.240732382470742
"protocol",0.264629129855894,0.282716715661809,0.25084144428838,0.241127282357775,0.267523655015975,0.226877851923928
"plain",0.290386351267807,0.257208957057446,0.248222701111808,0.234451122861356,0.256160574126989,0.268040200229734
"only",0.26371522161644,0.227949816128239,0.29026009850204,0.28185941237025,0.275425736536272,0.281136856647208
"clients""",0.227403913973831,0.267420301074162,0.245977541664615,0.207347740256228,0.221338858269155,0.276066754385829
"runs",0.259275478776544,0.256034630653448,0.289308918267489,0.298536021192558,0.26018591162283,0.251478604739532
"an",0.220465140650049,0.269157568155788,0.29407734121196,0.201637159078382,0.255982573656365,0.225692071928643
"authentication",0.295237072254531,0.221519354265183,0.284104154398665,0.209648879989982,0.201010042219423,0.26683462089859
"probe",0.272437623562291,0.298277532239445,0.279606569930911,0.249258267879486,0.267624143883586,0.200169510231353
"a",0.211236869450659,0.23599479442928,0.26282433134038,0.22650663042441,0.252808456635103,0.293686164403334
"given",0.283365073497407,0.281607037433423,0.218203770602122,0.207469184766524,0.242777045071125,0.204272408876568
"user",0.247510493570007,0.20985741741024,0.292911761277355,0.273502009781078,0.206443439074792,0.277201262675226
"name",0.236507462686859,0.2255865593208,0.2051653733477,0.264334234292619,0.200011964328587,0.267579918541014
"return",0.241861837799661,0.226642564381473,0.221178258187138,0.215099667920731,0.251044586580247,0.298909329157323
"the""",0.288641652907245,0.202414693706669,0.243822886771522,0.292614783556201,0.259352202597074,0.241327405138873
"registered",0.276459063589573,0.247568021877669,0.290070639853366,0.2091150079621,0.246953199291602,0.249317836225964
"on",0.22795859912876,0.299253203766421,0.229387328680605,0.292931532976218,0.235567347356118,0.208028493216261
"serverp""",0.2957014312502,0.239638184010983,0.217071775859222,0.205439989338629,0.276758854952641,0.280912488955073
"set",0.202119060186669,0.248872794536874,0.28496144041419,0.245801643189043,0.224248553183861,0.287103364849463
"query",0.290192183828913,0.257869335194118,0.296642542956397,0.276453951047733,0.262404404394329,0.272692217538133
"authenticates",0.261227705073543,0.262503475532867,0.238857921818271,0.219749829219654,0.232519981078804,0.222417809558101
"information",0.289412629092112,0.239920435636304,0.252982176165096,0.28241670653224,0.263035360840149,0.254603921459056
"in",0.236320271110162,0.27257414162159,0.221041797380894,0.205453918292187,0.251340939011425,0.248324501840398
"using",0.243089848035015,0.206411671778187,0.249783435626887,0.271451040962711,0.231919001345523,0.279753196588717
"query""",0.292636453104205,0.215146770863794,0.217097564064898,0.260016168886796,0.289447658346035,0.233307535736822
"hassumptionsh""",0.254937958414666,0.275436123716645,0.29432268848177,0.239224906801246,0.219173306552693,0.295718974689953
"appropriate",0.251102240546606,0.259574710624292,0.288840134022757,0.216498455242254,0.207437719288282,0.289243307989091
"tag",0.289238663157448,0.283428615890443,0.227570837084204,0.254494293034077,0.21301844464615,0.289145572693087
"matcher",0.24744327054359,0.277855994086713,0.223244068934582,0.291100516263396,0.211589617095888,0.246185305551626
"should",0.258691367506981,0.298005436477251,0.210850503668189,0.204033159231767,0.204239654168487,0.2906659059925
"be",0.271044530370273,0.230271213059314,0.283395542972721,0.232444697804749,0.29058776225429,0.293615317810327
"placed",0.247655709926039,0.270930695929565,0.290205145883374,0.23486745278351,0.29770052281674,0.298661948624067
"front",0.239129609148949,0.213190416293219,0.251315687503666,0.203634036635049,0.232632001466118,0.299141263379715
"this""",0.246456457627937,0.249734189501032,0.245478490530513,0.2091090754373,0.223641540994868,0.216219805646688
"another",0.295311358734034,0.258492936426774,0.219185135490261,0.260109944152646,0.207404948910698,0.251131967594847
"channel",0.299721732432954,0.252641015034169,0.275717024924234,0.241419534082524,0.2668999588117,0.222424173750915
"probably",0.218108675256372,0.269253375031985,0.242226571054198,0.295705356867984,0.228549567540176,0.202348902961239
"for",0.255121623375453,0.21019037917722,0.24073530761525,0.233597732335329,0.233529588137753,0.29414047843311
"direct",0.261798221850768,0.200167341157794,0.259648367715999,0.230590936844237,0.243204319640063,0.291206464264542
"delivery",0.205396409868263,0.243670144770294,0.288512144447304,0.267815931956284,0.207499189395458,0.262521041254513
"to",0.282354498771019,0.259347802400589,0.229394185985439,0.213286801567301,0.222994695859961,0.248422943660989
"recipient""",0.243475332017988,0.298978462256491,0.294322029943578,0.297317058080807,0.24711698575411,0.276575794932432
"author",0.289170027826913,0.276065556611866,0.209463149262592,0.27454078013543,0.202993465284817,0.216733508463949
"iain",0.201090460480191,0.243669335544109,0.208239638921805,0.299656903580762,0.270088821370155,0.27508044897113
"shigeoka""",0.288181273220107,0.258174933097325,0.29459169479087,0.210932810907252,0.236690445384011,0.251293591968715
"""""	""public",0.258456201129593,0.209203319856897,0.221148671023548,0.244169631926343,0.238003415917046,0.204488043789752
"class",0.213654457521625,0.237697024829686,0.219829575461335,0.223158713965677,0.230650542979129,0.274388793809339
"iqauthhandler",0.221209453814663,0.26539791515097,0.254646677756682,0.204187548719347,0.293789215991274,0.274661602731794
"extends",0.263438394502737,0.227657368127257,0.262363389972597,0.213713437831029,0.266442775982432,0.21518679857254
"iqhandler",0.27749838475138,0.246056998823769,0.226476342463866,0.277340285037644,0.222362978453748,0.288984577171504
"iqauthinfo",0.288422513986006,0.233465622365475,0.284932158677839,0.258926896308549,0.207508495403454,0.268996417406015
"private",0.208047099760734,0.265972309396602,0.276803459296934,0.261913996539079,0.21453194078058,0.283085391158238
"element",0.235131871770136,0.22026542108506,0.251540680066682,0.246658756304532,0.235947612440214,0.249635626282543
"proberesponse""",0.247807861119509,0.224478487949818,0.274245756096207,0.230201044748537,0.221451387833804,0.21534790918231
"string",0.276072676619515,0.290393175580539,0.289699154999107,0.235593458497897,0.287432100553997,0.228305011987686
"servername""",0.239697908470407,0.226670262403786,0.273520537256263,0.215006891149096,0.29600503037218,0.225618586386554
"routingtable",0.267729424755089,0.22711964729242,0.236988009558991,0.244865306280553,0.234127722075209,0.289545460278168
"routingtable""",0.232916996185668,0.257885380345397,0.24486811007373,0.207968420209363,0.235019986168481,0.271980513352901
"clients",0.229241055157036,0.219802007661201,0.220227888063528,0.273901073494926,0.251693531265482,0.246372440690175
"are",0.291048986813985,0.214724544505589,0.246023357706144,0.215268752910197,0.221135528758168,0.287846582941711
"not",0.229196794726886,0.256554047460668,0.293133600172587,0.275690761301666,0.290478896419518,0.293506263243034
"authenticated",0.273757605021819,0.265332465944812,0.228993316995911,0.246249666111544,0.279155576089397,0.247419878584333
"when",0.266932677780278,0.238305396633223,0.212427448784001,0.265206942567602,0.243252379097976,0.204585368558764
"accessing",0.222914507915266,0.238096933416091,0.200217155087739,0.296302313124761,0.24782410885673,0.255125181516632
"handler""",0.240169473132119,0.266960752545856,0.221724595502019,0.229058443312533,0.26332956245169,0.215555532230064
"info",0.228746497398242,0.236624021129683,0.250692536053248,0.289622372202575,0.244371850066818,0.243332361476496
"new",0.247926279553212,0.229209674824961,0.287859246926382,0.280786646925844,0.243611769611016,0.212869358458556
"iqhandlerinfoquery",0.291395437950268,0.261848296155222,0.225343327736482,0.203767535160296,0.203444985556416,0.243816724885255
"jabberiqauth""",0.234452033694834,0.285904619982466,0.294461125903763,0.234408891387284,0.298932434199378,0.271358345262706
"proberesponseaddelementusername""",0.248851140378974,0.278265522955917,0.276112310425378,0.209430494229309,0.279589588777162,0.262423252221197
"proberesponseaddelementpassword""",0.256778078037314,0.249536231579259,0.298498913855292,0.249219507677481,0.230683884071186,0.264386422582902
"if",0.20142602219712,0.20256538989488,0.263192149717361,0.279177920799702,0.249541324796155,0.209556700545363
"authfactoryisdigestsupported",0.204634325182997,0.263758238917217,0.265928936004639,0.23019684003666,0.237736261123791,0.229790040059015
"anonymousallowed",0.206068678339943,0.235834709461778,0.207582162017934,0.281420295732096,0.260697422199883,0.213845993857831
"jiveglobalsgetbooleanpropertyxmppauthanonymous""",0.217059900471941,0.284425343177281,0.266521159769036,0.296861104364507,0.208480988070369,0.243000603560358
"iq",0.256382434535772,0.209141168254428,0.272935657459311,0.263099950831383,0.284097614767961,0.245811992371455
"handleiqiq",0.242910462338477,0.200300446408801,0.20344727251213,0.233625138131902,0.211191568523645,0.279294174117967
"packet",0.289454221096821,0.208876220346428,0.293805875629187,0.276339737232774,0.296740824985318,0.299730244837701
"throws",0.244074106751941,0.268601842643693,0.295243306667544,0.203937628190033,0.269278054963797,0.294295492814854
"unauthorizedexception",0.268127415445633,0.214101277221926,0.264750056760386,0.204295686818659,0.208693967573345,0.271296239644289
"packetexception",0.258695000456646,0.203645062446594,0.246792728081346,0.285482895327732,0.221845412859693,0.270149342296645
"no",0.248952426714823,0.258651996054687,0.274995249602944,0.210962097416632,0.265311724483036,0.206146407406777
"session",0.204944849922322,0.274756158911623,0.263133728387766,0.263100510858931,0.287163583398797,0.207862283242866
"was",0.2700654551154,0.258856027503498,0.24460948316846,0.244026346388273,0.263365073222667,0.211818159557879
"found",0.295354386721738,0.295817616325803,0.230689169606194,0.253225527680479,0.215537660010159,0.226921038795263
"then",0.240252706245519,0.245035529206507,0.209608836052939,0.286719743255526,0.222509102197364,0.218367108330131
"answer",0.244411107688211,0.297771654790267,0.257895253552124,0.236491865105927,0.2961039415095,0.214142778236419
"error",0.249506083107553,0.260242877155542,0.245321833039634,0.27717828003224,0.254269596608356,0.230709798983298
"possible""",0.276822295272723,0.29945295767393,0.209778272896074,0.246943377796561,0.291379199596122,0.229942903690971
"logerrorerror",0.267433345108293,0.255666554346681,0.275045618717559,0.265502090286463,0.216450479440391,0.211629845295101
"during",0.23358528141398,0.258702938375063,0.27097474806942,0.292555210692808,0.244182979268953,0.211954529280774
"key",0.205342283681966,0.22295351116918,0.212443105387501,0.211680353828706,0.224123321985826,0.250331033091061
"will",0.279091580980457,0.207220341358334,0.290332921082154,0.240505254594609,0.214402484032325,0.23955980790779
"wont",0.266744246706367,0.260701497551054,0.285739798424765,0.240475069102831,0.259032557951286,0.209812051383778
"make",0.262353906244971,0.211198514071293,0.261183477030136,0.280476506473497,0.245223911688663,0.282508592330851
"it",0.257591719343327,0.289612486027181,0.295773196429945,0.207849256973714,0.202525751967914,0.22330744790379
"through""",0.2642214929685,0.273373589012772,0.207514793332666,0.228899770276621,0.215339366882108,0.26049086956773
"replysetchildelementpacketgetchildelementcreatecopy""",0.227557077328675,0.271926062158309,0.234160258504562,0.232288469513878,0.227821916621178,0.206803555879742
"reply""",0.255875367671251,0.22019745616708,0.23863751674071,0.287902389583178,0.20182377868332,0.234595942334272
"response""",0.221587506681681,0.273885574331507,0.230537925893441,0.22164453829173,0.29536912869662,0.256838252488524
"jiveglobalsgetbooleanpropertyxmppauthiqauthtrue",0.241409453586675,0.288898397586308,0.259005924826488,0.232930725812912,0.212832776363939,0.237278573261574
"packetgetelement""",0.22997528729029,0.240704654087313,0.241529619181529,0.229519211081788,0.219223491149023,0.295290770265274
"queryresponse",0.263123068027198,0.255701803555712,0.201161903655157,0.284414480160922,0.234589974256232,0.289454765594564
"proberesponsecreatecopy""",0.232521263579838,0.223978743818589,0.23412371603772,0.227308186376467,0.248718842258677,0.226397002767771
"username",0.221252113743685,0.23581097079441,0.25841333756689,0.261524994578212,0.256522556510754,0.270371675514616
"queryelementtexttrimusername""",0.250531853944994,0.286089466605335,0.278404811583459,0.261705887387507,0.273602656787261,0.26125529371202
"queryresponseelementusernamesettextusername""",0.270879366272129,0.239144042925909,0.250876868562773,0.236584083829075,0.2616986367153,0.282110492116772
"response",0.299492760701105,0.263045516144484,0.212092595361173,0.277770460536703,0.266980732185766,0.236330182733946
"iqcreateresultiqpacket""",0.271300261118449,0.217018506792374,0.212155496538617,0.212797247827984,0.282741270726547,0.229562290944159
"workaround",0.208493315568194,0.213484717160463,0.232126712054014,0.298197873262689,0.220723399473354,0.227381435921416
"since",0.241040264582261,0.212277605733834,0.247492122417316,0.261711644148454,0.247190791135654,0.237664575292729
"we",0.27890674690716,0.230015286407433,0.20867704495322,0.231000423594378,0.247989446623251,0.246992577728815
"dont",0.202891626255587,0.23337118329946,0.289736159960739,0.222198956157081,0.263068853039295,0.212698659999296
"want",0.267092408868484,0.204603757988662,0.246935090585612,0.200066786422394,0.20815244265832,0.244135525287129
"have",0.244876185967587,0.293558972328901,0.258870820258744,0.222265074541792,0.202251406922005,0.296214891108684
"incorrect",0.284840430109762,0.239475537114777,0.248372485069558,0.279428239236586,0.290625147218816,0.211423657368869
"attribute""",0.25785060771741,0.290712091140449,0.261173428199254,0.245871635060757,0.266519682575017,0.261432833620347
"attribute",0.266168377851136,0.207897042250261,0.287829743674956,0.240223831217736,0.213531114906073,0.232113877194934
"contain",0.291262312419713,0.29373340299353,0.251564747374505,0.224022067268379,0.278668535687029,0.255038837436587
"value",0.252039125864394,0.29728314736858,0.217910096468404,0.235653126612306,0.295203253277577,0.239592623151839
"setting",0.278210395155475,0.247995907114819,0.284876684984192,0.234541037911549,0.219901619874872,0.257317208917812
"fake""",0.230053018266335,0.210599802271463,0.259570120763965,0.22574784848839,0.20180298963096,0.232040345133282
"sessiongetstatus",0.299535788968205,0.249316844018176,0.212666565808468,0.279015268199146,0.279327721334994,0.226988280471414
"sessionstatusauthenticated",0.231164921820164,0.27126516639255,0.283374202414416,0.218916689837351,0.26145955924876,0.234036433277652
"otherwise",0.256550460145809,0.210747596644796,0.258257064293139,0.231681957840919,0.240314417751506,0.282301091146655
"queryelementsisempty",0.273412782140076,0.260228475835174,0.201179574336857,0.206075261975639,0.226459944876842,0.275948318443261
"anonymousloginsession",0.233236228395253,0.285425630304962,0.212591260951012,0.298636146495119,0.278784913476557,0.255781931336969
"packet""",0.29652035352774,0.27339685165789,0.230456027830951,0.293135980982333,0.258696564449929,0.254400191362947
"password",0.463472459441982,0.426463768142276,0.466532812872902,0.442023410997353,0.488220197334886,0.448801010777242
"queryelementtexttrimpassword""",0.279841792094521,0.264942781254649,0.216926658269949,0.26833459387999,0.285298868524842,0.208682423178107
"queryelementdigest",0.289870728529058,0.27326004342176,0.224564689467661,0.214324545999989,0.255080654518679,0.214448219630867
"null",0.264585035201162,0.286595311388373,0.248103119758889,0.235292999772355,0.207936992496252,0.255315443058498
"were",0.298885154468007,0.289985023927875,0.214434616803192,0.213575940276496,0.255161347705871,0.2453023084905
"already",0.275453175487928,0.250885935802944,0.202607649983838,0.262421762314625,0.281856964202598,0.249654650734738
"logged",0.268938399339095,0.284767836681567,0.24073104232084,0.267832007957622,0.224368187785149,0.264035800704733
"reset""",0.278401744202711,0.239861825853586,0.223752325959504,0.207181760063395,0.211277287662961,0.239938494493254
"passwordresetpassword",0.409914816915989,0.475456573674455,0.438589112646878,0.447250998998061,0.492939394060522,0.432852328079753
"session""",0.244726215861738,0.285499670100398,0.245952994236723,0.231103935325518,0.231808260479011,0.241929210908711
"else",0.242104454198852,0.230119802802801,0.241151140164584,0.243642884935252,0.210476480610669,0.246114411624148
"loginusername",0.295086901518516,0.295340660610236,0.209954134328291,0.213661698694341,0.231682149437256,0.239094239659607
"digest""",0.261130201909691,0.24652738191653,0.242854484845884,0.244863928249106,0.264840777823702,0.209296853747219
"catch",0.264826737786643,0.299585424503311,0.217585296649486,0.202104526967742,0.257004920742474,0.202936356235296
"usernotfoundexception",0.21255565348547,0.234270604792982,0.273237866186537,0.207895815628581,0.298285567341372,0.269871634291485
"e",0.214237521239556,0.201993594248779,0.215812477958389,0.237609530775808,0.228632153081708,0.211973214475438
"responsesetchildelementpacketgetchildelementcreatecopy""",0.232055785041302,0.290467929677106,0.240311332582496,0.226757952920161,0.235276725236326,0.25046299805399
"responseseterrorpacketerrorconditionnotauthorized""",0.215891329641454,0.207252401905134,0.299898729822598,0.291007934976369,0.222928579500876,0.282225383375771
"responseseterrorpacketerrorconditioninternalservererror""",0.207278459495865,0.247920745960437,0.281586507312022,0.211031261552125,0.287958058784716,0.292772489320487
"send",0.224449331383221,0.286421041190624,0.241088524414226,0.268389773811214,0.272530553955585,0.243443314777687
"directly",0.253977679577656,0.232806992367841,0.217136316234246,0.242719506449066,0.264711066312157,0.276400297833607
"sure",0.211153700528666,0.233477311092429,0.225025684805587,0.299381575733423,0.263011399051175,0.299343109014444
"that",0.265092882583849,0.265206565638073,0.239589783130214,0.257439530314878,0.292844715481624,0.206897439807653
"sending",0.200329319853336,0.245289602363482,0.223195358691737,0.255521759507246,0.239344585873187,0.243044453812763
"back""",0.283030878007412,0.286763748340309,0.233519334555604,0.287228122446686,0.266174972499721,0.289482008013874
"resource",0.272792590875179,0.275858214823529,0.298006158927456,0.203532206476666,0.279775312962011,0.235175623651594
"incorrect""",0.288147338526323,0.208360390318558,0.294309066911228,0.23540351879783,0.202857278031297,0.26784341307357
"resourcebound",0.25023064352572,0.211986119346693,0.233073012530804,0.287918569520116,0.298889866028912,0.299372962280177
"sessioneventdispatcherdispatcheventsession",0.290247985394672,0.213749342295341,0.277897589583881,0.230476189428009,0.288759220135398,0.279218165995553
"sessioneventdispatchereventtyperesourcebound""",0.222863607760519,0.261207439261489,0.247831767937168,0.206177854468115,0.293453649175353,0.290845163771883
"null""",0.242681920155883,0.258904412668198,0.200358974281698,0.265464606508613,0.299881511717103,0.25012632983271
"loginstring",0.293700621579774,0.221734596742317,0.209808106604032,0.236155130458064,0.240448629064485,0.269328761543147
"localclientsession",0.299152194289491,0.295741011225618,0.292225011996925,0.235130965430289,0.200428524147719,0.247310391091742
"verify",0.257109302771278,0.241026975912973,0.207698074984364,0.211459912592545,0.251246673264541,0.28190584492404
"specified",0.280937362578698,0.206825159187429,0.292179322033189,0.200658795773052,0.245769079960883,0.208299636677839
"violating",0.223266339930706,0.217711944878101,0.205134869040921,0.229600007436238,0.226944422069937,0.239697833615355
"any",0.218125452054664,0.286329830950126,0.280270896409638,0.246080968086608,0.281504945084453,0.254982208134606
"prep",0.290844527259469,0.26870244324673,0.274357521883212,0.287794508505613,0.207801984064281,0.293545142305084
"rule""",0.292697544884868,0.210911549255252,0.202720068721101,0.269383154204115,0.23210909969639,0.236223976803012
"jidresourceprepresource""",0.232845133263618,0.243846652982756,0.23724874635227,0.23688206137158,0.211340112006292,0.201768006733619
"stringprepexception",0.28274007961154,0.222248860960826,0.221721263532527,0.214191618398763,0.220285563892685,0.274786276067607
"responseseterrorpacketerrorconditionnotacceptable""",0.212290402012877,0.255460008280352,0.214434852497652,0.222870900388807,0.215891119581647,0.253210498346016
"throw",0.247148174210452,0.254224770679139,0.200685849250294,0.229447445040569,0.268757808511145,0.244110282044858
"unauthorizedexception""",0.211754036927596,0.254016141383909,0.202529391390271,0.251911270688288,0.247841388918459,0.220756023260765
"usernametolowercase""",0.293018655315973,0.208084640419111,0.259607323212549,0.240507408278063,0.228056307439692,0.20563288461417
"authtoken",0.202117763808928,0.235297482949682,0.267879704083316,0.27199001959525,0.223844763007946,0.268775531300344
"token",0.25751465135254,0.236980782472529,0.290875658858567,0.270137680391781,0.261482982197776,0.240821064752527
"authfactoryauthenticateusername",0.230011787451804,0.274442824232392,0.239089248934761,0.212104998528957,0.297796155582182,0.205747069139034
"password""",0.480778275593184,0.477296811598353,0.412299358216114,0.489650770230219,0.481587001262233,0.410478025255725
"digest",0.266873595374636,0.296895759645849,0.242810076172464,0.299666362442076,0.281527816387825,0.249561240081675
"check",0.256628000829369,0.266285980585963,0.269148617680185,0.201390512986109,0.273984248936176,0.241994548821822
"exists",0.272052101884037,0.212541277846321,0.271463149785996,0.208326254994608,0.241611134633422,0.204448748426512
"requested",0.236087318463251,0.282140918518417,0.202137356856838,0.259495106316172,0.203688193531707,0.249329864094034
"full",0.266440218314528,0.292081676726229,0.28641864368692,0.231322020408697,0.262389793526381,0.249359768861905
"jid",0.216487895115279,0.299642725102603,0.265256394515745,0.256046830699779,0.231781915505417,0.274531728075817
"and",0.227043261518702,0.268634501728229,0.233627504995093,0.206485702632926,0.28087534555234,0.205920065613464
"if""",0.208635885897093,0.202769381250255,0.270331077999435,0.229740222054534,0.280145016894676,0.265981058054604
"clientsession",0.257630352466367,0.257973892218433,0.214335304358974,0.241192465927452,0.243634425289929,0.272848081937991
"oldsession",0.250875021726824,0.287026949436404,0.269243860058486,0.261560289934278,0.250540473451838,0.218062859238125
"routingtablegetclientroutenew",0.267351164994761,0.277812869194895,0.221252464572899,0.239364990778267,0.232448944333009,0.241495142458007
"jidusername",0.227975150337443,0.21406503370963,0.238554148492403,0.25172982646618,0.254866654309444,0.225894652702846
"servername",0.254599309503101,0.275359545345418,0.205094666080549,0.290693771233782,0.295102908089757,0.272431685542688
"true""",0.281227174005471,0.276654054224491,0.217470916709863,0.236491098836996,0.232920577307232,0.279915176518261
"try",0.167547216801904,0.107928685983643,0.122891784016974,0.111467027547769,0.14468636540696,0.186950965668075
"conflictlimit",0.290854806778952,0.266007472435012,0.299924814933911,0.275079683586955,0.24693067886401,0.253074408718385
"sessionmanagerneverkick",0.251695207646117,0.20000515289139,0.201767384633422,0.217906712554395,0.232146979426034,0.241275344509631
"int",0.233076426549815,0.216983628179878,0.220895980461501,0.232661108439788,0.232661643554457,0.278924477705732
"conflictcount",0.236295571411028,0.283679609023966,0.25780091737397,0.201472738175653,0.228211189550348,0.266932196798734
"oldsessionincrementconflictcount""",0.214949967106804,0.237093346589245,0.281795018981211,0.220190967433155,0.299334872397594,0.245333836600184
"streamerror",0.287279863003641,0.225321354786865,0.24320018524304,0.201312598749064,0.266461899527349,0.263469326077029
"before",0.200370805175044,0.243899763096124,0.234187148534693,0.293663846259005,0.225955231208354,0.276312326244079
"closing",0.281066310917959,0.205183000070974,0.250682403543033,0.205620525847189,0.268737791012973,0.210742650181055
"old",0.283090403280221,0.256110135349445,0.200218939059414,0.201471750135534,0.264565649325959,0.215142712998204
"connection""",0.289711040095426,0.262807533587329,0.217579359933734,0.2221433411818,0.203848435543478,0.252064616372809
"oldsessiondeliverrawtexterrortoxml""",0.28898429046385,0.234594933944754,0.268129795300774,0.225627467571758,0.206180478166789,0.247379732551053
"responseseterrorpacketerrorconditionforbidden""",0.21683270575013,0.22369729608763,0.294470965163782,0.295863836188801,0.26813379896339,0.242153614433482
"exception",0.217201236565597,0.228023073053919,0.285212178714573,0.205404885462485,0.223372441506945,0.261789496615529
"has",0.228474673442543,0.271502500399947,0.292799616744742,0.284785935352556,0.285084177530371,0.202624462265521
"been",0.28763234259095,0.226200458430685,0.248458764189854,0.218040389055386,0.246279092412442,0.212552641052753
"successfully""",0.292649169405922,0.242106590885669,0.289327707001939,0.233971534669399,0.203155200043693,0.293983372673392
"packetsetfromsessiongetaddress""",0.297000438766554,0.271121976454742,0.210423509031534,0.220284063671716,0.276532057416625,0.222416243515909
"usermanagergetuserusernamesetpasswordpassword""",0.261702373204753,0.239959318656474,0.271423678775318,0.269125282298774,0.250349447736517,0.21816586535424
"liststring",0.25474559913855,0.241860397881828,0.253385497163981,0.280905926018022,0.249689585901797,0.235453060176224
"params",0.240127522475086,0.297305667074397,0.215162438899279,0.27170573559124,0.248084962670691,0.27038293145597
"arrayliststring""",0.29242313534487,0.279650308378041,0.279869559640065,0.294761631730944,0.209085325407796,0.206344234361313
"paramsaddsessiontostring""",0.260928739327937,0.237883984553628,0.295387565437704,0.231139536015689,0.25210445614066,0.240218997467309
"client",0.273787485342473,0.254901858372614,0.217207801598124,0.215302784647793,0.279440775117837,0.226401242171414
"can",0.220881004491821,0.278861543093808,0.254231018386781,0.237901974958368,0.254275994095951,0.227204888407141
"connect",0.252056863158941,0.234218912036158,0.228834798978642,0.25821880553849,0.252067878097296,0.232367754378356
"from",0.203843851550482,0.232832452538423,0.214127548690885,0.24782780664973,0.233550808997825,0.292146916803904
"his",0.235400919779204,0.267454621056095,0.233929415279999,0.231498492555693,0.284599119029008,0.273008384462446
"ip",0.217187229287811,0.270213612401858,0.253819335042499,0.238320586062036,0.273446621629409,0.246588408644311
"address""",0.285911202710122,0.274199793068692,0.235668872226961,0.270459154713899,0.283406943432055,0.243336308863945
"localclientsessiongetallowedanonymipsisempty",0.204604699253105,0.285599824227393,0.234045195416547,0.264755691005848,0.298399446438998,0.272220461000688
"byte",0.218447612971067,0.270078207016923,0.219179538916796,0.248371835215949,0.24525722770486,0.260237162769772
"address",0.296548165334389,0.294183303997852,0.264245098084211,0.270360067952424,0.220862401416525,0.243836831115186
"sessiongetconnectiongetaddress""",0.215490175387822,0.232510633813217,0.236750839697197,0.231280850246549,0.247241792082787,0.252192325470969
"xff",0.139552159793675,0.176800946565345,0.192244685301557,0.160078171337955,0.103456888417713,0.184047837438993
"range",0.25504669600632,0.228978217300028,0.262943677487783,0.264703673613258,0.213983577559702,0.224329849984497
"localclientsessiongetallowedanonymipscontainskeyrange",0.210556149971671,0.218712595663965,0.211572600714862,0.207884505181573,0.24897672389634,0.274271073401906
"unknownhostexception",0.277208810695447,0.294163106288761,0.232100617862307,0.298836642480455,0.229691088246182,0.284218265791424
"connection",0.225025711371563,0.295207858481444,0.240040316828527,0.203977926168591,0.214595427946188,0.217247848468833
"forbidden",0.278566847532056,0.203949948609807,0.297113230056129,0.290403374959715,0.236853868956678,0.261141205625609
"sessionsetanonymousauth""",0.243788642180152,0.235194231546484,0.26902030184865,0.225488287606277,0.294876969465986,0.231592473597266
"auth",0.240048595657572,0.212807024805807,0.293115928000771,0.253467255691066,0.286745809041895,0.299200342036784
"responsesetchildelementquery",0.256716390280053,0.266874733264558,0.271410853252746,0.201028724759817,0.23475146451965,0.216573854419403
"anonymousallowed""",0.248329455102794,0.200139601156116,0.229341493058018,0.208363485662267,0.266895355423912,0.212838552519679
"void",0.286127119674347,0.26322924294509,0.285481676040217,0.288279385468923,0.292573326383717,0.213593245041557
"setallowanonymousboolean",0.285626285872422,0.269052606076002,0.256194785260595,0.242531107855029,0.247080397605896,0.280460145394318
"isanonymous",0.229176348121837,0.237698123091832,0.238499847217463,0.222986118518747,0.27125452242326,0.269362846692093
"jiveglobalssetpropertyxmppauthanonymous",0.281564253824763,0.22242293660529,0.262856773938984,0.267202825215645,0.207776952022687,0.233096480183303
"booleantostringanonymousallowed""",0.274728162284009,0.281277476460673,0.255117693729699,0.250187726295553,0.230406604870223,0.254894908657297
"initializexmppserver",0.203256854531355,0.219460361939855,0.297943915938959,0.277626442024484,0.223808820429258,0.230661031976342
"server",0.241794961947016,0.22194877800066,0.229554053093307,0.278606438357383,0.241362558491528,0.250667041214183
"usermanager",0.287726869946346,0.213911021105014,0.239926753751934,0.278004326461814,0.226798951299861,0.283416039659642
"servergetusermanager""",0.290793035482056,0.211046715709381,0.234877893771045,0.233872775454074,0.258597780717537,0.241769076092169
"servergetserverinfogetxmppdomain""",0.225648950668983,0.292457073158585,0.202976252301596,0.279124387027696,0.283555603749119,0.250160074932501
"iqhandlerinfo",0.291151312645525,0.233371098455973,0.201782763446681,0.223160331719555,0.277087680110708,0.265186253748834
"getinfo",0.291142647713423,0.27571705696173,0.273682082537562,0.21576545399148,0.281983421253972,0.259110474074259
"""x""",0.1391690623248,0.129976235539652,0.175727696367539,0.175196328409947,0.128165225056,0.194718539551832
"revision",0.205912280781195,0.200685978657566,0.223923440347426,0.251022037561052,0.229536430421285,0.260013088095002
"copy",0.289221140719019,0.247362397937104,0.207793838903308,0.22058802251704,0.244702106551267,0.260447770683095
"which",0.227015185263008,0.217296861764044,0.256168096326292,0.297597683267668,0.276741180988029,0.23185049793683
"included",0.237028534268029,0.233909406047314,0.204144486761652,0.290328005771153,0.224934070371091,0.215632673236541
"distribution",0.211164500075392,0.223621207778342,0.230858652782626,0.234117098315619,0.221862539695576,0.27223996242974
"or",0.257911677635275,0.259283077903092,0.201772042899393,0.235001038387418,0.263167137932032,0.267248215898871
"commercial",0.220381122431718,0.237507508229464,0.28305697995238,0.252108898200095,0.203759777336381,0.20542795478832
"license""",0.25582776190713,0.237114311638288,0.270599142997526,0.27904042142909,0.213067310512997,0.236689446982928
"orgjivesoftwaredatabasedbconnectionmanager""",0.261483976454474,0.281830644863658,0.279837127355859,0.275234008650295,0.201424691895954,0.298491894593462
"javasqlconnection""",0.266592701547779,0.298066030046903,0.298073040158488,0.286731403344311,0.267114110989496,0.216418784460984
"javasqlresultset""",0.283437751815654,0.200697007239796,0.238235173909925,0.235295091080479,0.293171788542531,0.227670663618483
"javautildate""",0.259907342400402,0.208770429692231,0.256780264363624,0.284020347823389,0.291054844716564,0.264009431912564
"""""	""""",0.1524740641471,0.183705928828567,0.13869101528544,0.194606468407437,0.111389559903182,0.100637749116868
"database",0.252565709594637,0.285130887688138,0.273371664551087,0.204643151164055,0.242795709869824,0.229562994837761
"persistence",0.233864510105923,0.281900624046102,0.287387192319147,0.292829160438851,0.285400900407694,0.255024711461738
"calllog",0.20214138943702,0.238601340749301,0.25498074197676,0.285616819816641,0.21476477610413,0.269675715034828
"methods",0.213054847763851,0.214723916258663,0.243883671960793,0.258376580523327,0.267286618053913,0.21900942332577
"call",0.282520193024538,0.265028281579725,0.26304893407505,0.229389892611653,0.265727228904143,0.282004193193279
"log",0.225606892234646,0.280658595613204,0.2764257814968,0.203928417828865,0.255319978389889,0.298402227694169
"store""",0.277690870803781,0.234307586308569,0.298927652253769,0.282682679779828,0.212596459593624,0.271366028720513
"thiago",0.277728094393387,0.233262835373171,0.200789618981071,0.268321891105734,0.282911875611171,0.204073238628916
"rocha",0.227425477304496,0.282683726167306,0.25449652839452,0.240665421704762,0.219891670299694,0.267066833819263
"camargo""",0.20272678961046,0.258507169899531,0.290390010806732,0.20330403863918,0.263580531510524,0.225766807538457
"calllogdao",0.293963931128383,0.271438983245753,0.282127170078456,0.273461098247208,0.232255444163457,0.224950169050135
"param",0.219403946632519,0.284643163555302,0.21186880141031,0.29389521421399,0.283337679505348,0.201940289512277
"startindex""",0.227875498915091,0.217450266820379,0.23204808710143,0.224596347869374,0.263243327382952,0.293308815406635
"collectioncalllog""",0.217949378467165,0.203389346064068,0.291553962999023,0.278226739983074,0.267833444406278,0.211180476122536
"static",0.240708681801334,0.261656301771291,0.298583322344348,0.255111949890852,0.268927402538247,0.268937357631512
"collectioncalllog",0.253972440212965,0.265159195964225,0.23426029253751,0.231455951975659,0.285963215702213,0.213426391687244
"getcallsstring",0.248336439370178,0.21597194748465,0.290628582425416,0.224645497044548,0.234504856565036,0.23360787620768
"sqlcondition""",0.241128483135253,0.260515574272722,0.237345572863705,0.203261603298597,0.263905801740475,0.262081290525384
"""""	""int",0.208861720957793,0.294607760570943,0.268702896079049,0.298324649245478,0.272756759054028,0.297951065376401
"startindex",0.215096789249219,0.277129886974581,0.225587153737433,0.246589944511652,0.264662407408468,0.279779540607706
"numresults",0.244141028658487,0.239936831896193,0.290911851404235,0.294230698095635,0.214322967571206,0.287871298752725
"""""	""sql",0.120849696150981,0.196484050503932,0.158743087900802,0.123556449636817,0.107971022673883,0.118855011253618
"sqlcondition",0.218707044562325,0.243654857948422,0.277528285467997,0.228365075658076,0.20666575320065,0.283070732583292
"sqlconditionequals",0.240105579909869,0.243580034072511,0.275106348004192,0.230107236653566,0.264961007446982,0.264749045157805
"sql""",0.160391492047347,0.144627171126194,0.100925116264261,0.118106017750688,0.167953874845989,0.128817735868506
"order",0.297787867579609,0.245139994611964,0.296222459035926,0.233971180324443,0.295897615258582,0.240408505080268
"by",0.187378199910745,0.158015800756402,0.117772799916565,0.143306164629757,0.119519960181788,0.114144372474402
"datetime",0.206479241186753,0.259141470957547,0.282902400079183,0.250873840064742,0.289109512954019,0.238155608414672
"desc""",0.283915990800597,0.253368770261295,0.243984194542281,0.209383818460628,0.221166894421913,0.24159636113327
"""""	""connection",0.203617209149525,0.229034420172684,0.231824129028246,0.21019904720597,0.230689389375038,0.26323564008344
"con",0.202120468718931,0.298126999591477,0.285062674130313,0.229256067750975,0.20789692804683,0.217748683458194
"""""	""try",0.198585660709068,0.10030289166607,0.135005714325234,0.181166964350268,0.100793553353287,0.177724318276159
"""""	""con",0.212648762343451,0.290830609388649,0.296090651629493,0.260662325494923,0.221445226855576,0.23436399193015
"dbconnectionmanagergetconnection""",0.291266215289943,0.289284106227569,0.271621041256003,0.299854208831675,0.251672564679757,0.227244099741802
"""""	""pstmt",0.166638238192536,0.164703488000669,0.142021535895765,0.16461171337869,0.190217218617909,0.171773137804121
"dbconnectionmanagercreatescrollablepreparedstatementcon""",0.29746609441936,0.203950671781786,0.233581746090204,0.23810171703808,0.204452444775961,0.217825204739347
"""""	""sql""",0.186929770186543,0.161188833741471,0.131358468509279,0.157378045353107,0.139061610400677,0.18695981639903
"""""	""resultset",0.293040409404784,0.260355301643722,0.25072181886062,0.281269996520132,0.285827368777245,0.285660430649295
"rs",0.147323351842351,0.118835182557814,0.148798470408656,0.159321200242266,0.130304962047376,0.108705379767343
"pstmtexecutequery""",0.261644877051003,0.255570789123885,0.252646381990053,0.256149590108544,0.224045070982538,0.237896175147034
"""""	""dbconnectionmanagersetfetchsizers",0.290564362355508,0.203130383952521,0.215841117757373,0.201718081487343,0.27537437165156,0.284046679013409
"numresults""",0.201177040254697,0.201034484873526,0.251038608769886,0.217483089584857,0.291422147466801,0.224552977527492
"""""	""dbconnectionmanagerscrollresultsetrs",0.253610779251903,0.212061720620841,0.278822872508317,0.246138136577792,0.260809271945618,0.225034915469587
"count",0.299588017654605,0.215239824191667,0.265654237801209,0.241031042882241,0.213826004508883,0.294455711496994
"""""	""while",0.281690577999689,0.221858915360644,0.214361256943084,0.269557315856218,0.261932627623901,0.24186508229468
"rsnext",0.240646632015705,0.265243492578156,0.297080547339283,0.289862638921477,0.250366191612557,0.250295610446483
"""""	""count""",0.282254226552323,0.202837745519355,0.24134147062432,0.267292065150104,0.263238264853135,0.210167056950741
"""""	""rsclose""",0.281912537501194,0.219323459244333,0.267489184695296,0.276527831610292,0.295129922358319,0.211125470045954
"finally",0.264072009501979,0.255746571603231,0.295574438013136,0.223856732598506,0.235448101814836,0.201154081057757
"""""	""if",0.211165878479369,0.242365568550304,0.231746935285628,0.252181137050502,0.225714137009345,0.226534769148566
"""""	""conclose""",0.22701394550968,0.2437230409123,0.253603594843298,0.262954594381154,0.233389407605864,0.21410679591354
"""""	""logerrore""",0.297167741693556,0.209156161011197,0.268300497112796,0.235587176051922,0.211382701410912,0.228723206277937
"""""	""return",0.289898632536642,0.259527561534196,0.216190679767169,0.214821493905038,0.241628721216694,0.230457029608078
"calls""",0.208891074662097,0.267415549093857,0.247909012855962,0.252768372627907,0.276830097427592,0.277729938155971
"calllog""",0.261054924712516,0.268516567978077,0.266166038485244,0.21137196382042,0.284505899972282,0.269670237135142
"readresultset",0.227361082774587,0.273748510959558,0.224275762890466,0.265029812813736,0.250166035629809,0.278409835346974
"""""	""string",0.238184422580525,0.206158013502136,0.297065820358694,0.262000614940189,0.204376878961921,0.233382758265361
"rsgetstringusername""",0.236796379531734,0.263131848303601,0.232073211786337,0.290270903357305,0.246790949488059,0.255210680281743
"numa",0.220485221315175,0.268504396267235,0.242065984453075,0.286255630059168,0.233468025922775,0.208007265999913
"rsgetstringaddressfrom""",0.229232088360004,0.231020541815087,0.238658758043312,0.261160009261221,0.239804780599661,0.261642776895314
"numb",0.281169241247699,0.216829301859252,0.288979293010198,0.261603297782131,0.290983806410804,0.283484875923023
"rsgetstringaddressto""",0.276081490679644,0.202820758987218,0.254357286565937,0.25229136813432,0.243032365338877,0.250231702043675
"""""	""long",0.264779590535909,0.206431209854782,0.27885233538691,0.229493379150517,0.208471960155293,0.298797521577217
"rsgetlongdatetime""",0.256333906762302,0.225630249246024,0.290622042329051,0.261664811195806,0.267230346635915,0.208349287486635
"duration",0.295745633798651,0.240926708071493,0.264643307076767,0.274057525838725,0.241393385035917,0.293722839886323
"rsgetintduration""",0.218316835281439,0.233172920229845,0.297277056216262,0.264660349837504,0.242087002866901,0.221822017268278
"lossequalscalltype",0.287257043365389,0.269018570659682,0.270285281841643,0.229108584229834,0.270763640990481,0.241519435471855
"calltype",0.23572620106861,0.279571585520171,0.250481309299357,0.269653520034626,0.229534467263147,0.298431296437047
"missed""",0.294641110184602,0.23828670613002,0.23320774526801,0.230775569775142,0.2582018236164,0.224837700021453
"calllogtype",0.202200015285052,0.29463775921613,0.290825416403823,0.282567851548083,0.275226120254956,0.20577485950198
"type",0.210542684188113,0.264337841351517,0.244472244265489,0.229161501582712,0.293093192507513,0.28104907348752
"calllogtypevalueofcalltype""",0.240177953010425,0.267716192849912,0.222055041207932,0.267597358371131,0.273675015079789,0.20912761092186
"""""	""calllog",0.233405460556969,0.230204525799491,0.274701030901633,0.233204658539034,0.213625318626873,0.240769633464515
"calllogusername""",0.252291509206407,0.236791840661317,0.219680423988029,0.213785900874063,0.218756940844469,0.232728071720339
"""""	""calllogsetnumanuma""",0.222163264919072,0.20880596942734,0.278251891373657,0.242095579742454,0.293869569106027,0.278340134001337
"""""	""calllogsetnumbnumb""",0.242740092473105,0.231094793579541,0.299818060291,0.222467213170603,0.298911664239131,0.233528702147305
"""""	""calllogsetdatetimedatetime""",0.25151167770382,0.20267113361042,0.238378760078922,0.254208606854081,0.250735891540535,0.292437109374441
"""""	""calllogsetdurationduration""",0.239740101969801,0.298773671686649,0.297665338218212,0.238457198697142,0.274481079191901,0.272561745601706
"""""	""calllogsettypetype""",0.222814433113672,0.229315960756503,0.232099580857903,0.276488289306872,0.259826413937844,0.259491775115021
"insert",0.204090677853674,0.238147098384798,0.262914673797786,0.26852840424981,0.228989509842359,0.262957451259717
"into",0.278470600978471,0.281460837251507,0.247320895642042,0.290326741873287,0.247778136911802,0.279003090853803
"database""",0.278826734027825,0.260820276476443,0.280178637639619,0.293184409430251,0.200934509909712,0.286533337086439
"sql",0.165767057193443,0.104694117954932,0.180744849727489,0.193560321163386,0.169342535734177,0.142219023569487
"ofsipphonelog",0.252128454879858,0.293068157765083,0.283309613936581,0.236070639989339,0.221557229943573,0.278296042233706
"addressfrom",0.269683648971841,0.227563988207839,0.281095880176872,0.28816840366926,0.229956854716875,0.282061154046096
"addressto",0.22820811313577,0.250515261013061,0.273816943448037,0.292126159230247,0.294943074020557,0.249921338423155
"sqlexception",0.237857286632061,0.279920769040473,0.213244202686474,0.235541895637289,0.286725358921103,0.290577134513296
"""""	""logerroregetmessage",0.214222269039601,0.23653158696834,0.204416573722847,0.212684693140909,0.251908154971898,0.292486061924137
"e""",0.291814643028192,0.246970909787342,0.221986083895899,0.263065359834582,0.207225689827465,0.204948876588605
"""""	""throw",0.276340736541897,0.280310074798763,0.217553272657096,0.263672086945735,0.291143380012363,0.246184517932124
"sqlexceptionegetmessage""",0.243088405858725,0.260330933216028,0.20489364399109,0.271083077602088,0.279779485776089,0.240046529262327
"gets",0.245722507569008,0.276254848972894,0.214977910392918,0.279202142963186,0.24218498240225,0.239264226518571
"calls",0.272755404235795,0.211355875618756,0.202438139542937,0.261727757449262,0.223915464733727,0.299133335752413
"range""",0.233189371856861,0.265844523045234,0.293810974736698,0.241097211302258,0.294289060612209,0.245251216297038
"getcalls",0.262298078346066,0.295154929254204,0.211412729369476,0.269920801091939,0.231516643706709,0.266409141756594
"number",0.229864367586561,0.219183157221414,0.267549729696475,0.209881530608982,0.232368875597604,0.201815298176371
"stored""",0.206717937788926,0.205233845231123,0.241576772253029,0.291963644698262,0.204833960090764,0.278658275352791
"getlogcount""",0.259171449299902,0.244464236404747,0.263181557110511,0.283732789126225,0.252863523899578,0.278433335572481
"number""",0.279256274434738,0.257044767285697,0.207732244301587,0.23372833293397,0.233041496085934,0.276483071874827
"getlogcountstring",0.249087198683992,0.24876957659144,0.274454035493545,0.268760424968787,0.263411172479391,0.234386614686809
"select",0.204629180696793,0.257152274320833,0.207737109414302,0.221003010985442,0.21873303744942,0.271739210258238
"ofsipphonelog""",0.298243238124996,0.233887183107436,0.26280729919672,0.264517059898935,0.275030635250732,0.221029186551459
"""""	""preparedstatement",0.208016458689235,0.268969639018178,0.271921421680599,0.293512117210776,0.287346590822563,0.275844305707142
"pstmt",0.134597146953456,0.129400160629302,0.165147717995569,0.126162592042238,0.18030308673624,0.193054398568347
"""""	""count",0.25610887191724,0.208459064317867,0.292107539670542,0.228086006478406,0.203031355165876,0.239788087294437
"rsgetint""",0.281766982725821,0.213487199600786,0.276306150085293,0.29026653401088,0.253733612038195,0.262535750959069
"count""",0.254077716474421,0.210937570501119,0.29703339622356,0.253043622686528,0.299092577444389,0.275662591890432
"create",0.255890920688398,0.219866014481522,0.227942456840537,0.237308384524658,0.258605329692364,0.23052090392448
"sqlfilter",0.282816778658889,0.226066517131403,0.293674703175202,0.213701331452467,0.293802431342192,0.269144588662311
"condition",0.214248854317702,0.213911635242403,0.238789888308384,0.291106135281734,0.275476822443306,0.214950762316585
"entries""",0.235774114099331,0.248215458006598,0.244424404180609,0.235218145139515,0.293852692958899,0.210213377862237
"username""",0.210007508355193,0.298163475072943,0.239782954589464,0.261319930804893,0.278848365065642,0.212547229113989
"numb""",0.20226084322203,0.275428007938899,0.296679114783183,0.266045040893368,0.236972145806067,0.238932135608047
"fromdate""",0.233769828220829,0.261514430679381,0.23040735500399,0.294422940537333,0.203192047635093,0.295863691018894
"string""",0.279674056288786,0.258519764919765,0.298639365099371,0.268285641260445,0.221720903087407,0.295056536560878
"createsqlfilterstring",0.288266509165987,0.246221081377007,0.232765128253959,0.27574363630265,0.263158041588031,0.225123849580996
"fromdate",0.243026549601927,0.278695131745189,0.257245382294059,0.21345698707737,0.289268153649755,0.269882996077649
"uptodate",0.258405729802325,0.244428001367487,0.200851602270268,0.273019032785669,0.257652637222782,0.225046202470548
"usernametrimequals""",0.271432183822617,0.212703926581889,0.216215729038231,0.280248566879891,0.296066991845146,0.256662445771508
"""""	""conditionsadd",0.204689670237713,0.239652437600307,0.271930494089611,0.237230539484881,0.211892603524029,0.299270969349891
"usernametrim",0.242352356389165,0.201241607847624,0.280383543646894,0.277218396402895,0.260261743795127,0.29712681544479
"numbtrimequals""",0.239415954821743,0.2753013092326,0.205192173970863,0.242424168530852,0.281558924913406,0.27848262602929
"numbtrim",0.264938858663663,0.213492919085547,0.258563265274279,0.212086936412379,0.231423021689989,0.261238305526786
"uptodategettime",0.229650322347879,0.2765928581357,0.20132038553711,0.255646715220064,0.286290729953907,0.229985876358114
"""""	""stringbuilder",0.289593429607339,0.280331169976853,0.210489370417781,0.276034803222865,0.25729631355498,0.243020863737911
"str",0.108522641775198,0.116036692960188,0.165091680362821,0.182936526462436,0.146175091853365,0.141893387795426
"stringbuilder""",0.232403608318418,0.283696779259481,0.257869183341973,0.228231731662527,0.252991534676403,0.297168507240713
"""""	""strappendand""",0.229731969954446,0.26209174785763,0.243360580434091,0.293210321920924,0.208276787097566,0.268157605524175
"""""	""strappendaux""",0.299849100154825,0.275572371063754,0.207483162451535,0.245454568765126,0.227233329019509,0.233688579266891
"strtostring""",0.229281434463337,0.23816995320376,0.290435692551546,0.297496868227608,0.273354319902137,0.226536398474127
"orgjivesoftwareutilconcurrenthashset""",0.228808821714483,0.245658736792393,0.238531381916255,0.226110917958431,0.277855020901188,0.234922564215958
"orgjivesoftwareutilwebmanager""",0.29344816787634,0.250479306490161,0.299389964225702,0.258914527506568,0.213104074005969,0.219807435711846
"javaxservlethttphttpservletrequest""",0.266999734728597,0.266371564706787,0.296885784622282,0.208711787057109,0.254582309280522,0.205083614541218
"javaioioexception""",0.213252930319868,0.231435110652819,0.248425610666163,0.235157527471893,0.250949120847508,0.258409594744444
"javautilset""",0.279006476444192,0.279413968930021,0.26692289756611,0.23495480560232,0.21659228571225,0.203742895950563
"filter",0.203095248481259,0.20954901818186,0.271101791900583,0.233289477811195,0.248898672638461,0.216453932016157
"redirect",0.283111196500249,0.276601816900074,0.298528401646763,0.227646854100749,0.269582488993183,0.200475756824017
"login",0.248955970280804,0.263132256944664,0.233768208394758,0.267695729667321,0.22850833919365,0.213263876200654
"page""",0.285015077609569,0.256058388995007,0.28504358488135,0.20857175081037,0.234811383206397,0.226673420309089
"authcheckfilter",0.267222818941809,0.276530331093818,0.286688659177162,0.211688196985051,0.295094955642708,0.297715114196762
"servletcontext",0.2014111319324,0.297956118104048,0.292513280198909,0.215090731694363,0.278284934908152,0.272970968158916
"context""",0.267576596932486,0.233755154907703,0.250414356938563,0.203053226717748,0.256104532093741,0.219626460084692
"checking""",0.203455873182975,0.250568273593672,0.239309335709549,0.261376568581909,0.221233577048406,0.234289112966508
"exclude",0.29471074345056,0.235395453334786,0.285208583506756,0.285859469836578,0.245381158543751,0.239942916738801
"exclude""",0.204076244798489,0.294230940775014,0.265846554236487,0.204795016278513,0.266348144388758,0.234473019908182
"addexcludestring",0.203103323793039,0.26442605429329,0.272031400725245,0.200677220453508,0.25448152103927,0.250140161626041
"removes",0.259924536687322,0.275327615207061,0.2057804282289,0.28390088789165,0.295942142396234,0.233213138277642
"present",0.295320606487803,0.210372311202809,0.202860201708972,0.244937492604367,0.299438398634084,0.283052461361513
"url",0.224963135551661,0.289245737227611,0.249260595953092,0.210586667642929,0.256984560354613,0.271432594652288
"skip""",0.270702415076084,0.251141051272862,0.216635897010565,0.282903896295466,0.259114568936639,0.2917697399389
"excludesremoveexclude""",0.245061996206641,0.213592599821277,0.288406386878341,0.200649962411262,0.289359340863302,0.239320100168698
"initfilterconfig",0.252044638455845,0.264385103364475,0.279899957915768,0.289439205708914,0.221897957078181,0.243644691444933
"config",0.224734431155957,0.212729382235557,0.240440127230249,0.270946423825808,0.269980425410904,0.244004135718569
"servletexception",0.265286706434563,0.282928884774446,0.200752675719559,0.266245370102115,0.21885432577692,0.22819996450562
"defaultloginpage",0.264644655608572,0.272606469504535,0.262731802137569,0.258958336804062,0.221029708976857,0.230484507652
"configgetinitparameterdefaultloginpage""",0.203212633589283,0.215151134016924,0.252364240447059,0.232983920653351,0.235160190891474,0.236398547119461
"excludesprop",0.212745664687827,0.202543740835972,0.225422147102654,0.271662030974403,0.207851489121094,0.282557085016742
"while",0.229106537532061,0.230469626397826,0.202382331271656,0.268623768375255,0.224516717088409,0.208596977917477
"tokenizerhasmoretokens",0.287640838464722,0.217802552040666,0.22040073631797,0.208236206253059,0.209340434335172,0.259431482339278
"excludesaddtok""",0.266483708191663,0.291380036156625,0.229273527231999,0.261548152915202,0.252442106325179,0.259052429441363
"dofilterservletrequest",0.265117572364397,0.222087903157808,0.274690182739869,0.214946889178827,0.25920722191222,0.228582168277353
"req",0.247621299396269,0.297919697244652,0.236499193473719,0.249463917757384,0.26957578137517,0.251487074722536
"servletresponse",0.241734464932233,0.27596297415439,0.265069672954269,0.244142826437019,0.233942463481799,0.213209048332647
"res",0.220779416384175,0.286188455973752,0.252945038373582,0.288026437233202,0.259629303705879,0.21954822326079
"filterchain",0.277206428418867,0.200932884705253,0.247075713961385,0.217566826217808,0.224853244656697,0.294608095334843
"chain""",0.227175302547403,0.217414458212443,0.218456518556923,0.248658781638369,0.268099486455321,0.298995963321067
"httpservletresponse",0.253239294001833,0.227756619430147,0.234429638064466,0.271365775680169,0.224062829045579,0.243850606423803
"httpservletresponseres""",0.272626359388232,0.246542409062386,0.289427611418068,0.221142248460092,0.263410613476299,0.298774680448696
"loginpage",0.240428023226559,0.21239819182083,0.27045252493117,0.211509291664697,0.242284961184487,0.224409699207172
"defaultloginpage""",0.213616391085088,0.237306293961592,0.261058640852571,0.266271576308645,0.205470153223723,0.234994877967983
"requestgetcontextpath",0.24248544157017,0.212748223706149,0.212530872714706,0.215590953407809,0.265271267830394,0.273199389968067
"loginjsp""",0.227536900131963,0.240880908700638,0.270470707141794,0.265100715542212,0.218550185556524,0.255325554125011
"get",0.249635079246946,0.245150402910076,0.288402444147505,0.285639235726558,0.255040830746293,0.281681057228707
"page",0.218694301857613,0.266838257340714,0.266982099507004,0.295123182446696,0.214385625883006,0.256923334463499
"on""",0.293904927722178,0.298553102253936,0.212398954550736,0.282900133915246,0.268120344798081,0.282697281055152
"see",0.237239935738035,0.223444811324589,0.249317643232644,0.22796686780639,0.220320707513019,0.281680818111636
"its",0.267250866047107,0.261746259196661,0.227732842601836,0.279514998663217,0.211924311961047,0.285679799737409
"contained",0.265832091332413,0.255090384045616,0.275731976446696,0.290269802347757,0.299823771067895,0.26000750423409
"list",0.241220979671925,0.201217881077901,0.277568061463535,0.296409406862222,0.209827517997473,0.21264979057014
"so",0.203574451594614,0.242048578662798,0.229875070462003,0.28220839696005,0.266375231393613,0.218621744937263
"skip",0.285138165438548,0.281137997633778,0.275505397841334,0.270378935150802,0.252153827250004,0.297115810657851
"execution""",0.27192747713998,0.249613476986997,0.215868824720383,0.226963693927974,0.218859836249612,0.221245433366857
"excludes",0.219622305547819,0.297771625826135,0.255944420979358,0.261453195847571,0.299315106007271,0.218640127172694
"doexclude",0.252312883618288,0.281897504418157,0.257464936445467,0.266214390657842,0.206183871533722,0.225800711777993
"managerinitrequest",0.202605161024258,0.290817834949121,0.227922641858459,0.280345016112551,0.267241926048882,0.27160309010651
"requestgetsession",0.266771328169852,0.211437103152275,0.285277558118105,0.203312942618504,0.287676996830851,0.231972107081674
"responsesendredirectgetredirecturlrequest",0.259441293217242,0.201739586680196,0.268848864198662,0.222316044731997,0.205120482528582,0.244103930541314
"chaindofilterreq",0.231662863260135,0.23776487109717,0.200908866873942,0.259769587940536,0.233912661275826,0.254374580271542
"res""",0.288806057046168,0.256236161687411,0.224641883606091,0.209448695858009,0.25495862304233,0.274572606780566
"destroy",0.221608735178597,0.210163601976819,0.257794520910829,0.212549024098553,0.272771756676957,0.295820908294991
"getredirecturlhttpservletrequest",0.280929160257801,0.21740148360841,0.247775126481429,0.21737686288543,0.214049130841158,0.242514843423851
"request",0.291245849570259,0.25651156748645,0.234847882855684,0.285948178707622,0.277692792750895,0.207931963005103
"loginpage""",0.279034441011026,0.210718392929994,0.259506324655376,0.234161255462095,0.294712882721797,0.291517820418812
"qs",0.105443957913667,0.135203752433881,0.142827114788815,0.152031106222421,0.126476700790226,0.170035733073019
"requestgetquerystring""",0.298789863428101,0.221983209834434,0.269842501496896,0.211398093844764,0.2636633772403,0.267607164476067
"bufappendappendqs""",0.29377218298614,0.239343068283051,0.204186296695843,0.21355605404824,0.280209836526774,0.276251783897169
"logerrore""",0.248292853450403,0.216503935866058,0.239765427890234,0.270974761014804,0.257186744478531,0.22503234015312
"optionalparams",0.240506954072043,0.209527919674292,0.27623593180906,0.291962288040668,0.225730419461615,0.288479196722619
"orgdomjdocumenthelper""",0.215442164265551,0.271072351676412,0.285919785359874,0.259457660000771,0.24771899599582,0.214814946032129
"orgdomjqname""",0.281231870967895,0.241055268212222,0.200690007139929,0.203551561734639,0.234931859164499,0.252776581025682
"orgjivesoftwareopenfireauth""",0.296064677834511,0.285201844829135,0.200915913586505,0.224845168017782,0.231739906873554,0.290390905877575
"orgjivesoftwareopenfiresessionclientsession""",0.264618570241146,0.233980478299782,0.226265079760924,0.297246109880507,0.220406913221814,0.272553334850818
"orgjivesoftwareopenfiresessionsession""",0.248537376266904,0.25372227516491,0.272338008601218,0.283236567280255,0.230509420647286,0.266981933056377
"orgjivesoftwareopenfireuserusernotfoundexception""",0.244185642502271,0.296206816053018,0.287791127851233,0.207556683034636,0.277613929682411,0.289749779202975
"orgjivesoftwareutiljiveglobals""",0.249674932449125,0.234372024214827,0.250496603944339,0.209565687854774,0.256396732665598,0.234068660903722
"orgjivesoftwareutillog""",0.282934715994634,0.223385304142721,0.234235155698843,0.297745588817634,0.206677631731145,0.208366859471425
"orgxmpppacketjid""",0.223090912331827,0.255082790344022,0.244851094810292,0.283499053679407,0.228693497506902,0.220485868304968
"orgxmpppacketstreamerror""",0.269021309050731,0.252648860332556,0.227590106916614,0.285653864755295,0.219819765910506,0.268928529601544
"javautillist""",0.290048827347346,0.295230192760937,0.271529284724966,0.237064424715936,0.263248872570694,0.222140923305415
"use",0.210104620875791,0.246957653388381,0.254433918115683,0.249353546625935,0.21982173002325,0.230906289024279
"authenticate",0.215092293731868,0.235773489018902,0.20678542398382,0.273451538360678,0.221234738733619,0.209886700613424
"form",0.21661614861805,0.256686131982133,0.269397974433377,0.296471474482678,0.281227920320816,0.212945558060892
"indicating",0.218237059004605,0.292914926423691,0.204166053119116,0.260845023696311,0.293151573045179,0.266071017994545
"not""",0.26258994252421,0.250811592116952,0.227543052984402,0.22341644987464,0.238361469539814,0.231204049219377
"may",0.298801687918603,0.233035137178376,0.225923870690167,0.203958794102073,0.291685884352773,0.276906845858321
"reset",0.216612542769872,0.202494703535922,0.200521232932806,0.29026240943931,0.262534488132223,0.278572397562675
"their""",0.29861248775851,0.213503672974184,0.206451657647267,0.286212001717649,0.25172177834902,0.224992537801154
"handler",0.219716296973638,0.24652747309301,0.222203892911784,0.260909505956806,0.27192859838251,0.235187228932045
"assumes",0.263732230034657,0.257658292003907,0.219409604440443,0.252782575576566,0.212713839439675,0.257481941394508
"addressed",0.283672463335097,0.287746178009547,0.245277220709249,0.268195940367877,0.262165611353703,0.245282913628034
"server""",0.201466857083142,0.212899756338447,0.276652433350682,0.242558357166126,0.288099938002415,0.24330214986112
"one",0.203169453446753,0.21315985317342,0.230580714787357,0.280236092722043,0.237047870038077,0.237062883842736
"route",0.283611845993437,0.231566460919566,0.201238650456071,0.240794274909422,0.22125387811102,0.207290248014033
"requests",0.284738066000864,0.207532687741332,0.26871966002509,0.29081437618006,0.226289984118193,0.258711301255971
"to""",0.204055005381815,0.247875432576984,0.230306737381034,0.261005171225406,0.294839682453312,0.211115631763823
"boolean",0.258699820609763,0.271224261634052,0.20059727949556,0.215221626823768,0.258492454467341,0.229599767434411
"info""",0.297554587107152,0.220262725744396,0.271364021976478,0.217395160952583,0.236305437446572,0.227377987280488
"usermanager""",0.265118440869264,0.295315421978012,0.271158433775417,0.296849445439875,0.248144792369567,0.255843572504818
"superxmpp",0.298632907564752,0.232542446674779,0.225432749092579,0.206027332530357,0.200171944079921,0.25135835420806
"proberesponse",0.254773877281696,0.208570567355491,0.285627804906108,0.273098211851902,0.291886721528135,0.29398427400738
"documenthelpercreateelementqnamegetquery",0.279025690839626,0.24635509615764,0.281870936858468,0.2503848382039,0.293614008626901,0.209686347609386
"authfactoryisplainsupported",0.268909196578898,0.245785701763816,0.224937689187936,0.202547151176259,0.246209555305541,0.217486068210565
"proberesponseaddelementdigest""",0.270341590535827,0.238722216407768,0.229529697704129,0.242104751546867,0.243774213409051,0.298085207724944
"proberesponseaddelementresource""",0.244384895265102,0.298697435855866,0.261267082486302,0.263374556321651,0.292245545750484,0.203149434109218
"sessionmanagergetsessionpacketgetfrom""",0.237200756394304,0.276775821321644,0.2449179810239,0.280848126881756,0.286180983576924,0.295289506879635
"sessionmanagergetpreauthenticatedkeys",0.281692857854068,0.249153879052028,0.22813373489771,0.263805588730611,0.210227657202631,0.247676681238227
"packetgetfrom""",0.225679850229062,0.226722186501138,0.296051769377664,0.28130915039219,0.231914724200033,0.269431077246554
"reply",0.27097114531789,0.257553566992283,0.268072225595824,0.266957185906358,0.298422000114806,0.246019489178434
"replyseterrorpacketerrorconditioninternalservererror""",0.258096155663952,0.204291875963099,0.278263671905734,0.293001837469637,0.247362391394563,0.259642598521896
"false""",0.290336644160561,0.206287531391718,0.20397089694161,0.283990455884486,0.202037740079686,0.235226458427496
"iqelementquery""",0.287101464648731,0.271058336645365,0.242242613551207,0.250128865544684,0.206613685120828,0.203013508534059
"iqtypeget",0.208717754040845,0.268318512057886,0.241736792889424,0.228959480114281,0.246292903320864,0.232793971290812
"packetgettype",0.260872079525143,0.23825048324652,0.270886008325033,0.203196927416138,0.265299044200219,0.232776831672527
"responsesetchildelementqueryresponse""",0.285491360607557,0.216482958593406,0.206811654404737,0.204698441107757,0.205290885479189,0.261900842515752
"need",0.280587857915089,0.210644476348534,0.279455049312674,0.244550711219199,0.231645709765144,0.254218261013739
"clean",0.21982272840105,0.269418203597888,0.285987782222219,0.286851616064087,0.206990777747706,0.231174247968011
"up",0.245852664695121,0.244689661357552,0.281865367875434,0.25459432292264,0.265601811883971,0.235711704031564
"until",0.287892387667671,0.206691136094742,0.291813489049673,0.268636069027707,0.259358519688249,0.204268956859596
"actually",0.262826672499068,0.258748490735888,0.267255508364178,0.227186547429301,0.269004579726607,0.225641712220386
"responsesettojidnull""",0.260722809378058,0.263946683891118,0.223825481813401,0.299210777739063,0.206229779846035,0.211677597556263
"anonymous",0.219873201102018,0.21318528985139,0.232547167711891,0.203137521445751,0.206825272203423,0.285152893676423
"authentication""",0.25108900947962,0.220524233812466,0.208146974863485,0.284411421348341,0.251799344155006,0.249808439076878
"sessionstatusauthenticated""",0.265297646610998,0.228046483639628,0.284476132853888,0.28034240482375,0.265243416209705,0.206305855000392
"queryelementtexttrimdigesttolowercase""",0.244212288293056,0.219546639081091,0.275327582284808,0.274802772188559,0.258962181489915,0.266607112926431
"attempt""",0.293801103252918,0.287318297941238,0.248515961458907,0.224544049031101,0.223249964928254,0.215245850174688
"connectionexception",0.200137800094672,0.293422414315864,0.214749627560377,0.290628068661317,0.295946798822843,0.218438622239046
"internalunauthenticatedexception",0.283569796616212,0.200665340130217,0.299698352417909,0.265296275028959,0.269416883471422,0.286124652600847
"correct",0.290544136287645,0.27200057527516,0.237807696848176,0.289404499111697,0.200329624349251,0.26824844002258
"other",0.203415979351848,0.274860165175051,0.2120918904664,0.20508874906227,0.235649670870043,0.28808807192836
"same",0.276145395939238,0.210269163898192,0.205444735148922,0.247974048182368,0.295843568257988,0.281836079969071
"but",0.202942443988286,0.203987653367221,0.247116007306613,0.230018519074656,0.280275174905546,0.243062525521964
"different""",0.287989639048465,0.231516947993077,0.210710609517992,0.225464626587927,0.264478861098178,0.232782840752043
"sessionprocessresponse""",0.233972718496807,0.293069112207741,0.229344513639808,0.285310067865066,0.264700313657522,0.289786718622781
"after",0.247989127994515,0.271782154636458,0.258349394262768,0.204194127675146,0.276226455834694,0.294700290542096
"informed",0.281025684741326,0.233568769693375,0.289172304794192,0.293122619157657,0.208574503916316,0.205207066959701
"inform",0.272279120306484,0.269903875724412,0.248430481925607,0.232482777652331,0.27555605918169,0.236261243349873
"listeners",0.20442566096317,0.237252067239024,0.228384114126675,0.227851322479546,0.256938697956502,0.292752994596958
"as",0.263555636513047,0.274917356460355,0.240872726938687,0.273573563620448,0.206001992756501,0.237642650492489
"well""",0.206525011826307,0.257699238532223,0.241401976626366,0.256168267177418,0.273443721304648,0.259995554899797
"iqelementtexttrimresource""",0.26497255556751,0.286394082475454,0.226464278274216,0.274341086205095,0.24267146254424,0.212930025020614
"illegalargumentexceptioninvalid",0.277347711962648,0.285451541445218,0.208005640213378,0.278420208045281,0.266295236209407,0.252768677659333
"resource""",0.284068294102326,0.294675201154314,0.27922298356425,0.256833089166321,0.273581678653136,0.276321179326624
"notacceptable",0.229756640107371,0.296350142359734,0.261827507358976,0.204198666685261,0.226287421351299,0.261736022215337
"supplied""",0.212119774147868,0.264798374497332,0.219354078057222,0.23560419715941,0.261066282098182,0.288971947692335
"supplied",0.225536022335291,0.214962582127191,0.263038425706327,0.270600082469173,0.278394961357117,0.232032715668902
"ie",0.23494321834296,0.237067184364423,0.233485044725239,0.293307287804782,0.257503602025099,0.27936686265748
"successful""",0.207360236044042,0.205690185399726,0.215105567290448,0.285317096044309,0.225647187326103,0.281465741083957
"sessiongetstreamidtostring""",0.253157262457535,0.295227930694818,0.213277555024251,0.277540096500888,0.23584400662221,0.267036737850867
"there",0.224362611374818,0.285699697444215,0.205913708056323,0.268243452138267,0.296393431932665,0.21207874759566
"conflict",0.267664955393411,0.216545429825783,0.200167931802571,0.296643986878917,0.27271788190119,0.25272646129597
"between",0.222660448611714,0.229870914528146,0.277424894785509,0.263887333893217,0.285401115752757,0.204773536487483
"existing",0.211914260708727,0.298786102514714,0.254925947170705,0.279194261971861,0.276643446832895,0.28420650861226
"one""",0.290134039637633,0.280866623669863,0.297617954597808,0.290924586146139,0.208309009415098,0.242719729803503
"kick",0.210938407480717,0.2201762562152,0.271202177414671,0.236058424506336,0.229326242557727,0.202506286487915
"off",0.225541235413402,0.260080915666185,0.247505047079176,0.293756970996037,0.293570467527024,0.209010168374516
"refuse",0.238259649998508,0.220391134638339,0.234614844294265,0.281519065680914,0.258488068403676,0.270483062765561
"sessionmanagergetconflictkicklimit""",0.202538069221191,0.285595934838057,0.244755198713392,0.274855958065018,0.29869246610906,0.259043298312463
"streamerrorstreamerrorconditionconflict""",0.274767098249868,0.201520545058884,0.291873825271614,0.276994086080231,0.287985115684569,0.227159572253004
"oldsessionclose""",0.213641097582877,0.202211652719416,0.296026530698873,0.298153711785562,0.256765935895965,0.255826779431663
"sessionsetauthtokentoken",0.215856016543694,0.230736016458832,0.230875964299776,0.242006628448144,0.282378385774791,0.297614682209678
"passwordresetstring",0.447771764686331,0.46173599534668,0.458458303520456,0.4415683794301,0.400094955065288,0.464786412753165
"passwordlength",0.470204953313805,0.458252031542361,0.433068779157475,0.469576235883869,0.494426121213473,0.471853769687004
"paramsaddusername""",0.256031141313724,0.237730850675143,0.277978922962211,0.226066343602724,0.274883986101486,0.214029246824794
"loginfolocaleutilsgetlocalizedstringadminpasswordupdate",0.23346055590082,0.220255353068933,0.253180665243417,0.254302318324335,0.240975854895078,0.222963877627626
"params""",0.210290805855766,0.234435468260199,0.263008420891128,0.220956242340617,0.24272174150683,0.22591538943816
"anonymousloginlocalclientsession",0.238399954489432,0.231761374673806,0.202465861779638,0.261224960279651,0.293840855034068,0.274099086760543
"forbidaccess",0.204135199356824,0.237294634291902,0.289551254431717,0.275435225223191,0.26101766708307,0.262701258901507
"hostaddress",0.213056975998916,0.244696506927721,0.230187042779289,0.232958820252679,0.247779090469703,0.245068251597695
"sessiongetconnectiongethostaddress""",0.288055187510326,0.224184111715294,0.249334091623314,0.244619293906726,0.230553438747302,0.210487856157124
"localclientsessiongetallowedanonymipscontainskeyhostaddress",0.217972564743832,0.238643165514804,0.241733097843826,0.281151389842853,0.28429813394323,0.276869048853405
"allowed""",0.213501760782674,0.216791623015888,0.213644031155854,0.239062944031321,0.295405398635194,0.27181480571162
"responsesettosessiongetaddress""",0.204210374411196,0.28326448132284,0.251101063285023,0.223237193259411,0.249181434861384,0.254291521850973
"authaddelementresourcesettextsessiongetaddressgetresource""",0.277505582617596,0.275295870471746,0.281828289991245,0.271220271522179,0.246730103017762,0.277151756314561
"isanonymousallowed",0.20667855613865,0.268783117458224,0.233203436550684,0.239290475891903,0.205003945552744,0.246496933698654
"isanonymous""",0.294315715017728,0.232665732759051,0.204704046412371,0.203725412860513,0.231530083413236,0.20224718702957
"superinitializeserver""",0.287791572953574,0.246043969411403,0.228716148599051,0.286674712807871,0.295093771442771,0.229371178313158
"servergetroutingtable""",0.255354004027322,0.217706123343669,0.204890782409348,0.272715029469691,0.252764199790545,0.243985629687086
